Tried aggregator 2 times.
MIP Presolve eliminated 68000 rows and 6001 columns.
MIP Presolve modified 228000 coefficients.
Aggregator did 54000 substitutions.
Reduced MIP has 206024 rows, 134000 columns, and 1594000 nonzeros.
Reduced MIP has 132000 binaries, 2000 generals, 0 SOSs, and 0 indicators.
Presolve time = 1,88 sec. (1325,97 ticks)
Probing time = 0,30 sec. (40,68 ticks)
Tried aggregator 1 time.
MIP Presolve modified 80000 coefficients.
Reduced MIP has 206024 rows, 134000 columns, and 1594000 nonzeros.
Reduced MIP has 132000 binaries, 2000 generals, 0 SOSs, and 0 indicators.
Presolve time = 0,68 sec. (560,13 ticks)
Probing time = 0,70 sec. (39,19 ticks)
Clique table members: 931050.
MIP emphasis: balance optimality and feasibility.
MIP search method: dynamic search.
Parallel mode: deterministic, using up to 8 threads.
Root relaxation solution time = 4,96 sec. (4450,72 ticks)

        Nodes                                         Cuts/
   Node  Left     Objective  IInf  Best Integer    Best Bound    ItCnt     Gap

      0     0       43,1111  1185                     43,1111        7         
      0     0       43,1111  1667                  Cuts: 3048     6451         
      0     0       43,1111  1737                  Cuts: 3126    13910         
Heuristic still looking.
*     0+    0                           51,0000       43,1111    24374   15,47%
      0     2       43,1111  1110       51,0000       43,1111    26067   15,47%
Elapsed time = 172,48 sec. (104837,71 ticks, tree = 0,01 MB, solutions = 1)
      1     3       43,1111  1083       51,0000       43,1111    26251   15,47%
*     3+    3                           49,0000       43,1111    27842   12,02%
*     3+    3                           47,0000       43,1111    27842    8,27%
      3     5       43,1111   967       47,0000       43,1111    27842    8,27%
      4     6       43,1111   946       47,0000       43,1111    28162    8,27%
      5     7       43,1111  1234       47,0000       43,1111    29826    8,27%
      6     8       43,1111   911       47,0000       43,1111    31928    8,27%
*     7+    7                           46,0000       43,1111    34487    6,28%
      7     9       43,1111  1181       46,0000       43,1111    34487    6,28%
      9    11       43,1111  1178       46,0000       43,1111    36612    6,28%
     10    12       43,1111  1070       46,0000       43,1111    38419    6,28%
     13    15       43,1111  1137       46,0000       43,1111    44243    6,28%
*    14+   14                           45,0000       43,1111    45867    4,20%
     22    24       43,1111   995       45,0000       43,1111    53112    4,20%
Elapsed time = 206,76 sec. (120136,92 ticks, tree = 0,13 MB, solutions = 4)
     26    28       43,1111  1188       45,0000       43,1111    59562    4,20%
     28    30       43,1111  1115       45,0000       43,1111    63887    4,20%
     29    31       43,1111  1057       45,0000       43,1111    66510    4,20%
     42    44       43,1111  1029       45,0000       43,1111    76046    4,20%
     50    52       43,1111   944       45,0000       43,1111    82795    4,20%
     63    65       43,1111   798       45,0000       43,1111    87877    4,20%
     82    84       43,1111   817       45,0000       43,1111    97529    4,20%
    118   114       43,1111   647       45,0000       43,1111   112426    4,20%
    129   121       43,1111   753       45,0000       43,1111   122455    4,20%
    145   131       43,1111   668       45,0000       43,1111   140547    4,20%
Elapsed time = 249,13 sec. (132950,75 ticks, tree = 3,37 MB, solutions = 5)
    161   141       43,1111   582       45,0000       43,1111   147821    4,20%
    169   145       43,1111   563       45,0000       43,1111   154927    4,20%
    217   138       43,1111   563       45,0000       43,1111   173690    4,20%
    243   145       43,1111  1018       45,0000       43,1111   187368    4,20%
    250   150       43,1111   992       45,0000       43,1111   191945    4,20%
    259   157       43,1111   794       45,0000       43,1111   201717    4,20%
    275   165       43,1111   718       45,0000       43,1111   211887    4,20%
    283   168       43,1111   677       45,0000       43,1111   217042    4,20%
    299   175       43,1111   638       45,0000       43,1111   227432    4,20%
    328   182       43,1111   667       45,0000       43,1111   239628    4,20%
Elapsed time = 297,32 sec. (146108,82 ticks, tree = 1,18 MB, solutions = 5)
    378   220       43,1111   548       45,0000       43,1111   258630    4,20%
    386   222       43,1111   563       45,0000       43,1111   269918    4,20%
    394   230       43,2222   510       45,0000       43,1111   277117    4,20%
    421   227       43,6667   563       45,0000       43,1111   291388    4,20%
    428   226       43,1111   802       45,0000       43,1111   294482    4,20%
    444   220       43,2222   675       45,0000       43,1111   298284    4,20%
    510   249       43,1111   757       45,0000       43,1111   325183    4,20%
    521   254       43,1111   663       45,0000       43,1111   334761    4,20%
    525   256       43,1111   662       45,0000       43,1111   336679    4,20%
    533   262       43,1111   651       45,0000       43,1111   344706    4,20%
Elapsed time = 355,66 sec. (159601,73 ticks, tree = 7,29 MB, solutions = 5)
    541   266       43,1111   667       45,0000       43,1111   349014    4,20%
    549   270       43,1111   646       45,0000       43,1111   354753    4,20%
    557   273       43,6667   649       45,0000       43,1111   359772    4,20%
    591   275       43,1111   629       45,0000       43,1111   373936    4,20%
    657   301       43,1111   730       45,0000       43,1111   395556    4,20%
    669   302       43,1111   648       45,0000       43,1111   405679    4,20%
    685   305       43,1111   561       45,0000       43,1111   416880    4,20%
    701   303       43,1111   531       45,0000       43,1111   426739    4,20%
    713   301       43,2222   584       45,0000       43,1111   433063    4,20%
    725   297       43,1111   503       45,0000       43,1111   437434    4,20%
Elapsed time = 414,17 sec. (173011,99 ticks, tree = 10,02 MB, solutions = 5)
    758   288       43,1111   746       45,0000       43,1111   453650    4,20%
    804   286       43,1111   928       45,0000       43,1111   478520    4,20%
    818   295       43,1111   666       45,0000       43,1111   494837    4,20%
    826   299       43,1111   661       45,0000       43,1111   504427    4,20%
    834   303       43,1111   639       45,0000       43,1111   509141    4,20%
    844   309       43,1111   663       45,0000       43,1111   516322    4,20%
    860   315       43,1553   638       45,0000       43,1111   527774    4,20%
    980   341       43,1111   800       45,0000       43,1111   567006    4,20%
   1053   404    infeasible             45,0000       43,1111   574472    4,20%
   1077   411       43,1321   887       45,0000       43,1111   596265    4,20%
Elapsed time = 512,96 sec. (194939,81 ticks, tree = 11,01 MB, solutions = 5)
   1117   418        cutoff             45,0000       43,1111   609803    4,20%
   1149   418        cutoff             45,0000       43,1111   621163    4,20%
   1165   428       43,1111   996       45,0000       43,1111   637681    4,20%
   1374   586       43,1111   690       45,0000       43,1111   683708    4,20%
   1388   596       43,1111   582       45,0000       43,1111   701631    4,20%
   1396   604       43,1111   628       45,0000       43,1111   707988    4,20%
   1406   610       43,1111   557       45,0000       43,1111   718293    4,20%
   1420   621    infeasible             45,0000       43,1111   726806    4,20%
   1484   627       43,1111   971       45,0000       43,1111   747252    4,20%
   1502   633       44,0000   252       45,0000       43,1111   757378    4,20%
Elapsed time = 573,72 sec. (212012,68 ticks, tree = 22,14 MB, solutions = 5)
   1516   641       43,1111   813       45,0000       43,1111   769225    4,20%
   1532   647       43,1111   697       45,0000       43,1111   777354    4,20%
   1745   816       43,1111   717       45,0000       43,1111   839444    4,20%
   1765   823       43,1111   522       45,0000       43,1111   853873    4,20%
   1786   834       43,2483   495       45,0000       43,1111   871180    4,20%
   1818   851       43,2800   377       45,0000       43,1111   880920    4,20%
   1832   854       43,4444   342       45,0000       43,1111   883731    4,20%
   1858   854       43,1111   861       45,0000       43,1111   902892    4,20%
   1874   858       43,1111   714       45,0000       43,1111   905956    4,20%
   1898   876       43,1111   469       45,0000       43,1111   928767    4,20%
Elapsed time = 642,47 sec. (227465,85 ticks, tree = 38,04 MB, solutions = 5)
   1922   896       43,5556   372       45,0000       43,1111   939156    4,20%
   2002   905       43,1111   775       45,0000       43,1111   967713    4,20%
   2126  1007       43,1111   482       45,0000       43,1111  1001091    4,20%
   2127  1008       43,1111   990       45,0000       43,1111  1003334    4,20%
   2147  1024       43,1111   722       45,0000       43,1111  1018296    4,20%
   2171  1038       43,1111   435       45,0000       43,1111  1028546    4,20%
   2227  1035        cutoff             45,0000       43,1111  1050991    4,20%
   2255  1033       43,1111   756       45,0000       43,1111  1058408    4,20%
   2263  1035       43,1111   758       45,0000       43,1111  1071831    4,20%
   2279  1039       43,1111   724       45,0000       43,1111  1077127    4,20%
Elapsed time = 718,40 sec. (245827,78 ticks, tree = 46,57 MB, solutions = 5)
   2287  1041       43,1111   645       45,0000       43,1111  1082999    4,20%
   2400  1085       43,1111  1029       45,0000       43,1111  1158575    4,20%
   2500  1171       43,1111   644       45,0000       43,1111  1190646    4,20%
   2515  1176       43,1111   877       45,0000       43,1111  1201532    4,20%
   2534  1186       43,1111   666       45,0000       43,1111  1214692    4,20%
   2547  1193       43,1111   799       45,0000       43,1111  1220735    4,20%
   2563  1197       43,1111   693       45,0000       43,1111  1225277    4,20%
   2574  1200       43,4444   596       45,0000       43,1111  1231630    4,20%
   2612  1202       43,1111   635       45,0000       43,1111  1246281    4,20%
   2677  1215       43,1111   685       45,0000       43,1111  1277118    4,20%
Elapsed time = 811,93 sec. (266984,53 ticks, tree = 55,90 MB, solutions = 5)
   2878  1259       43,1111   934       45,0000       43,1111  1371425    4,20%
   2925  1274       43,1111   762       45,0000       43,1111  1383383    4,20%
   2965  1296       43,1111   605       45,0000       43,1111  1399139    4,20%
   3165  1406       44,0000    88       45,0000       43,1111  1425717    4,20%
   3555  1723       43,1111  1059       45,0000       43,1111  1489972    4,20%
   3730  1812       43,1111   885       45,0000       43,1111  1527849    4,20%
   3770  1832       43,1111   626       45,0000       43,1111  1541381    4,20%
   3882  1856       43,1111   939       45,0000       43,1111  1571658    4,20%
   3922  1892       43,1111   660       45,0000       43,1111  1585918    4,20%
   3954  1920       44,0000   547       45,0000       43,1111  1598718    4,20%
Elapsed time = 993,97 sec. (309628,81 ticks, tree = 94,51 MB, solutions = 5)
   4604  2305       43,1111   753       45,0000       43,1111  1705598    4,20%
   4676  2369       44,0000   492       45,0000       43,1111  1716901    4,20%
   4916  2495       44,0000   270       45,0000       43,1111  1746557    4,20%
   5156  2631       44,0000   159       45,0000       43,1111  1774702    4,20%
   5245  2692        cutoff             45,0000       43,1111  1780527    4,20%
   5309  2726        cutoff             45,0000       43,1111  1787676    4,20%
*  5823+ 2983                           44,0000       43,1111  1839766    2,02%

GUB cover cuts applied:  7
Clique cuts applied:  660
Cover cuts applied:  782
Implied bound cuts applied:  6791
Flow cuts applied:  9
Mixed integer rounding cuts applied:  607
Zero-half cuts applied:  414
Gomory fractional cuts applied:  183

Root node processing (before b&c):
  Real time             =  170,51 sec. (103047,70 ticks)
Parallel b&c, 8 threads:
  Real time             =  924,01 sec. (234857,30 ticks)
  Sync time (average)   =   72,20 sec.
  Wait time (average)   =    0,00 sec.
                          ------------
Total (root+branch&cut) = 1094,53 sec. (337905,00 ticks)
