VALUES GRASP
============

DATA SET 1
----------

TIME TAKEN

t = [0.6437540054321289, 0.6452541351318359, 0.6298849582672119, 0.6176121234893799, 0.6330680847167969, 0.615886926651001, 0.6519958972930908, 0.7643208503723145, 0.7719650268554688, 0.7623751163482666, 0.7183520793914795, 0.7310471534729004, 0.722675085067749, 0.7686049938201904, 0.6103899478912354, 1.282020092010498, 1.225229024887085, 1.2523419857025146, 0.564795970916748, 1.2273190021514893]


SOLUTIONS


s = [17, 17, 16, 17, 18, 18, 19, 16, 17, 15, 17, 16, 17, 15, 16, 20, 17, 16, 15, 20]